((("shopt" .
   [2 0 0 0 0])
  ("border" .
   [1 0 0 0 0 0])
  ("load-path" .
   [1 0 0 0 0 0 0 0 0])
  ("add-to-list" .
   [0 0 0 0 0 0 0 0 0 0 1])
  ("out" .
   [1 0 0])
  ("else" .
   [1 0 0 0])
  ("e" .
   [1])
  ("n_________________" .
   [1 0 0 0 0 0 0 0 0 0 0 0 0 0 0 0 0 0])
  ("string" .
   [2 0 0 0 0 0])
  ("BLACK" .
   [1 0 0 0 0])
  ("c" .
   [3])
  ("char" .
   [3 0 0 0])
  ("i" .
   [2])
  ("B" .
   [1])
  ("itoa" .
   [2 0 0 0])
  ("for" .
   [1 0 0])
  ("add_prerequisite" .
   [0 0 0 0 0 1 0 0 0 0 0 0 0 0 0 0])
  ("Pos" .
   [1 0 0])
  ("WHITE" .
   [2 0 0 0 0])
  ("_pieces" .
   [1 0 0 0 1 0 0])
  ("this" .
   [1 0 0 0])
  ("PawnConditional" .
   [0 0 0 0 0 1 0 0 0 0 0 0 0 0 0])
  ("new" .
   [2 0 0])
  ("_conditionals" .
   [2 0 1 0 0 0 0 0 0 0 0 0 0])
  ("pawns" .
   [1 0 0 0 0])
  ("return" .
   [1 0 0 1 0 0])
  ("get_moved" .
   [0 0 0 0 0 1 0 0 0])
  ("const" .
   [2 0 0 0 0])
  ("Move" .
   [1 0 0 0])
  ("tmp" .
   [5 0 0])
  ("int" .
   [2 0 0])
  ("str" .
   [6 0 0])
  ("pos" .
   [4 0 0])
  ("_moves" .
   [2 0 0 0 0 0])
  ("get_player" .
   [0 0 0 0 0 0 1 0 0 0])
  ("player" .
   [3 0 0 0 0 0])
  ("bool" .
   [3 0 0 0])
  ("if" .
   [3 0])
  ("piece" .
   [5 0 0 0 0])
  ("Piece" .
   [2 0 1 0 0])
  ("feed_m" .
   [0 0 0 0 0 1])
  ("void" .
   [1 0 0 0])
  ("false" .
   [2 0 0 0 0])
  ("_moved" .
   [2 0 0 0 0 0])
  ("true" .
   [3 0 0 0])
  ("f" .
   [2])
  ("s" .
   [3])
  ("set-face-foreground" .
   [0 0 0 0 0 0 0 0 0 0 0 0 0 1 0 0 0 0 0])
  ("p" .
   [1])
  ("hl-line-mode" .
   [0 0 0 1 0 0 0 0 0 0 0 0])
  ("print" .
   [1 0 0 0 0])
  ("Time" .
   [1 0 2 0])
  ("require" .
   [2 0 0 0 1 0 0])
  ("aris" .
   [1 0 0 0])
  ("w3m-load" .
   [1 0 0 0 0 1 0 0])
  ("w3m" .
   [1 0 0])
  ("url" .
   [2 0 1])
  ("theme" .
   [1 0 0 0 1])
  ("background" .
   [1 0 0 0 0 0 0 0 0 0])
  ("background-image" .
   [1 0 0 0 0 0 0 0 0 0 0 0 0 0 0 0])
  ("image" .
   [0 0 0 1 0])
  ("setq" .
   [1 0 0 1])
  ("term-default-bg-color" .
   [0 0 0 0 0 0 0 0 0 0 0 0 0 0 1 0 0 0 0 0 0])
  ("term-default-fg-color" .
   [0 0 0 0 0 0 0 0 0 0 0 0 0 0 0 0 0 0 0 0 1])
  ("nil" .
   [1 0 0])
  ("class" .
   [1 0 0 0 0])))
